Cluster0: 31123.651469126064
Cluster1: 20004.437066276692
Cluster2: 23672.75527861898
Cluster3: 42517.61078899143
Cluster4: 107849.45551897456
